20091231
20091230
20091229
20091228
20091225
20091224
20091223
20091222
20091221
20091218
20091217
20091216
20091215
20091214
20091211
20091210
20091209
20091208
20091207
20091204
20091203
20091202
20091201
20091130
20091127
20091126
20091125
20091124
20091123
20091120
20091119
20091118
20091117
20091116
20091113
20091112
20091111
20091110
20091109
20091106
20091105
20091104
20091103
20091102
20091030
20091029
20091028
20091027
20091026
20091023
20091022
20091021
20091020
20091019
20091016
20091015
20091014
20091013
20091012
20091009
20091008
20091007
20091006
20091005
20091002
20091001
20090930
20090929
20090928
20090925
20090924
20090923
20090922
20090921
20090918
20090917
20090916
20090915
20090914
20090911
20090910
20090909
20090908
20090907
20090904
20090903
20090901
20090831
20090828
20090827
20090826
20090825
20090824
20090821
20090820
20090819
20090818
20090817
20090814
20090813
20090812
20090811
20090810
20090807
20090806
20090805
20090804
20090803
20090731
20090730
20090729
20090728
20090727
20090724
20090723
20090722
20090721
20090720
20090717
20090716
20090715
20090714
20090713
20090710
20090709
20090708
20090707
20090706
20090703
20090702
20090701
20090630
20090629
20090626
20090625
20090624
20090623
20090622
20090619
20090618
20090617
20090616
20090615
20090612
20090611
20090610
20090609
20090608
20090605
20090604
20090603
20090602
20090601
20090529
20090528
20090527
20090526
20090525
20090522
20090521
20090520
20090519
20090518
20090515
20090514
20090513
20090512
20090511
20090508
20090507
20090506
20090505
20090504
20090429
20090428
20090427
20090424
20090423
20090422
20090421
20090420
20090417
20090416
20090415
20090414
20090413
20090410
20090409
20090408
20090407
20090403
20090402
20090401
20090331
20090330
20090327
20090326
20090325
20090324
20090323
20090320
20090319
20090318
20090317
20090316
20090313
20090312
20090311
20090310
20090309
20090306
20090305
20090304
20090303
20090302
20090227
20090226
20090225
20090224
20090223
20090220
20090219
20090218
20090217
20090216
20090213
20090212
20090211
20090210
20090209
20090206
20090205
20090204
20090203
20090202
20090123
20090122
20090121
20090120
20090119
20090116
20090115
20090114
20090113
20090112
20090109
20090108
20090107
20090106
20090105
20090102